ReducedMass_sig_Nneg_cat0 =  6.9120 +/- 76.521 C L(0 - 21) 
ReducedMass_sig_Npos_cat0 =  20.559 +/- 43.232 C L(0 - 21) 
ReducedMass_sig_alphaCBneg_cat0 =  1.0289 +/- 9.0204 C L(0 - 3) 
ReducedMass_sig_alphaCBpos_cat0 = -0.858699 +/- 8.1088 C L(-6 - 0) 
ReducedMass_sig_frac_cat0 =  0.62876 +/- 11.052 C L(0 - 1) 
ReducedMass_sig_mean_cat0 = -0.000792846 +/- 0.0026209 C L(-0.01 - 0.01) 
ReducedMass_sig_sigma_cat0 =  0.0098956 +/- 0.0096115 L(0 - 1) 

ReducedMass_sig_Nneg_cat1 =  6.8962 +/- 41.422 C L(0 - 15) 
ReducedMass_sig_Npos_cat1 =  14.998 +/- 12.930 C L(0 - 15) 
ReducedMass_sig_alphaCBneg_cat1 =  0.93550 +/- 3.3371 C L(0 - 16) 
ReducedMass_sig_alphaCBpos_cat1 = -1.00044 +/- 2.8010 C L(-6 - 0) 
ReducedMass_sig_frac_cat1 =  0.66417 +/- 3.9056 C L(0 - 1) 
ReducedMass_sig_mean_cat1 = -0.00195364 +/- 0.0014441 C L(-0.01 - 0.01) 
ReducedMass_sig_sigma_cat1 =  0.012289 +/- 0.0037328 L(0 - 10)

ReducedMass_sig_Nneg_cat2 =  9.6554 +/- 17.482 C L(0 - 15) 
ReducedMass_sig_Npos_cat2 =  11.249 +/- 23.244 C L(0 - 15) 
ReducedMass_sig_alphaCBneg_cat2 =  1.2187 +/- 5.9067 C L(0 - 6) 
ReducedMass_sig_alphaCBpos_cat2 = -1.36562 +/- 7.9814 C L(-6 - 0) 
ReducedMass_sig_frac_cat2 =  0.59403 +/- 2.8018 C L(0 - 1) 
ReducedMass_sig_mean_cat2 = -0.00223479 +/- 0.0042247 C L(-0.01 - 0.01) 
ReducedMass_sig_sigma_cat2 =  0.018643 +/- 0.011931 L(0 - 3) 

ReducedMass_sig_Nneg_cat3 =  6.0088 +/- 31.197 C L(0 - 15) 
ReducedMass_sig_Npos_cat3 =  7.4106 +/- 67.033 C L(0 - 15) 
ReducedMass_sig_alphaCBneg_cat3 =  1.3738 +/- 17.220 C L(-6 - 6) 
ReducedMass_sig_alphaCBpos_cat3 = -1.65636 +/- 49.209 C L(-6 - 0) 
ReducedMass_sig_frac_cat3 =  0.63562 +/- 6.1467 C L(0 - 1) 
ReducedMass_sig_mean_cat3 = -0.00455452 +/- 0.0096897 C L(-0.01 - 0.01) 
ReducedMass_sig_sigma_cat3 =  0.020967 +/- 0.020470 L(0 - 3) 